[{"intrinsics": [[1848.888888888889, 0, 512.0], [0, 1848.888888888889, 512.0], [0, 0, 1]], "extrinsics": {"c2w_matrix": [[1.0, 0.0, 0.0, 0.0], [0.0, 1.0, 0.0, 0.0], [0.0, 0.0, 1.0, 5.0], [0.0, 0.0, 0.0, 1.0]], "translation": [-0.0, 0.0, -5.0], "rotation": [1.0, 0.0, 0.0, 0.0]}, "width": 1024, "height": 1024, "fovx": 20.919818185858254, "fovy": 20.919818185858254, "img_id": "image_000000"}, {"intrinsics": [[1848.888888888889, 0, 512.0], [0, 1848.888888888889, 512.0], [0, 0, 1]], "extrinsics": {"c2w_matrix": [[0.9659258723258972, 0.0, -0.2588188648223877, -1.2940949201583862], [0.0, 1.0, 0.0, 0.0], [0.2588188648223877, 0.0, 0.9659258723258972, 4.829628944396973], [0.0, 0.0, 0.0, 1.0]], "translation": [7.152557373046875e-07, 0.0, -4.999999523162842], "rotation": [0.9914448857307434, 0.0, 0.1305260956287384, 0.0]}, "width": 1024, "height": 1024, "fovx": 20.919818185858254, "fovy": 20.919818185858254, "img_id": "image_000001"}, {"intrinsics": [[1848.888888888889, 0, 512.0], [0, 1848.888888888889, 512.0], [0, 0, 1]], "extrinsics": {"c2w_matrix": [[0.866025447845459, 0.0, -0.4999999701976776, -2.4999992847442627], [0.0, 1.0, 0.0, 0.0], [0.4999999701976776, 0.0, 0.866025447845459, 4.330127239227295], [0.0, 0.0, 0.0, 1.0]], "translation": [-4.76837158203125e-07, 0.0, -5.0], "rotation": [0.9659258127212524, 0.0, 0.25881901383399963, 0.0]}, "width": 1024, "height": 1024, "fovx": 20.919818185858254, "fovy": 20.919818185858254, "img_id": "image_000002"}, {"intrinsics": [[1848.888888888889, 0, 512.0], [0, 1848.888888888889, 512.0], [0, 0, 1]], "extrinsics": {"c2w_matrix": [[0.7071069478988647, 0.0, -0.7071066498756409, -3.5355329513549805], [0.0, 1.0, 0.0, 0.0], [0.7071066498756409, 0.0, 0.7071069478988647, 3.535534620285034], [0.0, 0.0, 0.0, 1.0]], "translation": [-0.0, 0.0, -5.0], "rotation": [0.9238796234130859, 0.0, 0.38268333673477173, 0.0]}, "width": 1024, "height": 1024, "fovx": 20.919818185858254, "fovy": 20.919818185858254, "img_id": "image_000003"}, {"intrinsics": [[1848.888888888889, 0, 512.0], [0, 1848.888888888889, 512.0], [0, 0, 1]], "extrinsics": {"c2w_matrix": [[0.5000002980232239, 0.0, -0.8660252690315247, -4.33012580871582], [0.0, 1.0, 0.0, 0.0], [0.8660252690315247, 0.0, 0.5000002980232239, 2.5000009536743164], [0.0, 0.0, 0.0, 1.0]], "translation": [-0.0, 0.0, -4.999999523162842], "rotation": [0.866025447845459, 0.0, 0.49999991059303284, 0.0]}, "width": 1024, "height": 1024, "fovx": 20.919818185858254, "fovy": 20.919818185858254, "img_id": "image_000004"}, {"intrinsics": [[1848.888888888889, 0, 512.0], [0, 1848.888888888889, 512.0], [0, 0, 1]], "extrinsics": {"c2w_matrix": [[0.2588193118572235, 0.0, -0.9659257531166077, -4.829627990722656], [0.0, 1.0, 0.0, 0.0], [0.9659257531166077, 0.0, 0.2588193118572235, 1.2940967082977295], [0.0, 0.0, 0.0, 1.0]], "translation": [-3.5762786865234375e-07, 0.0, -4.999999046325684], "rotation": [0.7933534383773804, 0.0, 0.6087613105773926, 0.0]}, "width": 1024, "height": 1024, "fovx": 20.919818185858254, "fovy": 20.919818185858254, "img_id": "image_000005"}, {"intrinsics": [[1848.888888888889, 0, 512.0], [0, 1848.888888888889, 512.0], [0, 0, 1]], "extrinsics": {"c2w_matrix": [[3.1391647326017846e-07, 0.0, -1.0, -4.999999046325684], [0.0, 1.0, 0.0, 0.0], [1.0, 0.0, 3.1391647326017846e-07, 2.0265579223632812e-06], [0.0, 0.0, 0.0, 1.0]], "translation": [-4.5697584027948324e-07, 0.0, -4.999999046325684], "rotation": [0.70710688829422, 0.0, 0.7071066498756409, 0.0]}, "width": 1024, "height": 1024, "fovx": 20.919818185858254, "fovy": 20.919818185858254, "img_id": "image_000006"}, {"intrinsics": [[1848.888888888889, 0, 512.0], [0, 1848.888888888889, 512.0], [0, 0, 1]], "extrinsics": {"c2w_matrix": [[-0.2588185667991638, 0.0, -0.965925931930542, -4.8296284675598145], [0.0, 1.0, 0.0, 0.0], [0.965925931930542, 0.0, -0.2588185667991638, -1.2940927743911743], [0.0, 0.0, 0.0, 1.0]], "translation": [2.3841860752327193e-07, 0.0, -4.999999046325684], "rotation": [0.6087616682052612, -0.0, 0.7933531999588013, -0.0]}, "width": 1024, "height": 1024, "fovx": 20.919818185858254, "fovy": 20.919818185858254, "img_id": "image_000007"}, {"intrinsics": [[1848.888888888889, 0, 512.0], [0, 1848.888888888889, 512.0], [0, 0, 1]], "extrinsics": {"c2w_matrix": [[-0.49999964237213135, 0.0, -0.8660256266593933, -4.330127239227295], [0.0, 1.0, 0.0, 0.0], [0.8660256266593933, 0.0, -0.49999964237213135, -2.499997138977051], [0.0, 0.0, 0.0, 1.0]], "translation": [-7.152557373046875e-07, 0.0, -4.999999046325684], "rotation": [0.5000002384185791, -0.0, 0.8660252690315247, -0.0]}, "width": 1024, "height": 1024, "fovx": 20.919818185858254, "fovy": 20.919818185858254, "img_id": "image_000008"}, {"intrinsics": [[1848.888888888889, 0, 512.0], [0, 1848.888888888889, 512.0], [0, 0, 1]], "extrinsics": {"c2w_matrix": [[-0.7071062922477722, 0.0, -0.7071073055267334, -3.5355350971221924], [0.0, 1.0, 0.0, 0.0], [0.7071073055267334, 0.0, -0.7071062922477722, -3.5355310440063477], [0.0, 0.0, 0.0, 1.0]], "translation": [7.152557373046875e-07, 0.0, -4.999999046325684], "rotation": [0.38268375396728516, -0.0, 0.9238794445991516, -0.0]}, "width": 1024, "height": 1024, "fovx": 20.919818185858254, "fovy": 20.919818185858254, "img_id": "image_000009"}, {"intrinsics": [[1848.888888888889, 0, 512.0], [0, 1848.888888888889, 512.0], [0, 0, 1]], "extrinsics": {"c2w_matrix": [[-0.8660251498222351, 0.0, -0.5000004768371582, -2.500001907348633], [0.0, 1.0, 0.0, 0.0], [0.5000004768371582, 0.0, -0.8660251498222351, -4.330124378204346], [0.0, 0.0, 0.0, 1.0]], "translation": [-2.384185791015625e-07, 0.0, -4.999999046325684], "rotation": [0.2588193118572235, -0.0, 0.9659257531166077, -0.0]}, "width": 1024, "height": 1024, "fovx": 20.919818185858254, "fovy": 20.919818185858254, "img_id": "image_000010"}, {"intrinsics": [[1848.888888888889, 0, 512.0], [0, 1848.888888888889, 512.0], [0, 0, 1]], "extrinsics": {"c2w_matrix": [[-0.9659256935119629, 0.0, -0.2588196098804474, -1.2940980195999146], [0.0, 1.0, 0.0, 0.0], [0.2588196098804474, 0.0, -0.9659256935119629, -4.82962703704834], [0.0, 0.0, 0.0, 1.0]], "translation": [-3.5762786865234375e-07, 0.0, -4.999999046325684], "rotation": [0.13052648305892944, -0.0, 0.9914448261260986, -0.0]}, "width": 1024, "height": 1024, "fovx": 20.919818185858254, "fovy": 20.919818185858254, "img_id": "image_000011"}, {"intrinsics": [[1848.888888888889, 0, 512.0], [0, 1848.888888888889, 512.0], [0, 0, 1]], "extrinsics": {"c2w_matrix": [[-0.9998477101325989, 0.0, 0.01745150424540043, 0.08725929260253906], [0.0, 1.0, 0.0, 0.0], [-0.01745150424540043, 0.0, -0.9998477101325989, -4.999237060546875], [0.0, 0.0, 0.0, 1.0]], "translation": [1.7955899238586426e-06, -0.0, -4.999998569488525], "rotation": [0.008726084604859352, 0.0, -0.9999619126319885, 0.0]}, "width": 1024, "height": 1024, "fovx": 20.919818185858254, "fovy": 20.919818185858254, "img_id": "image_000012"}, {"intrinsics": [[1848.888888888889, 0, 512.0], [0, 1848.888888888889, 512.0], [0, 0, 1]], "extrinsics": {"c2w_matrix": [[-0.9563049077987671, 0.0, 0.29237115383148193, 1.4618558883666992], [0.0, 1.0, 0.0, 0.0], [-0.29237115383148193, 0.0, -0.9563049077987671, -4.781522750854492], [0.0, 0.0, 0.0, 1.0]], "translation": [5.960465045973251e-07, -0.0, -4.999998569488525], "rotation": [0.14780913293361664, 0.0, -0.9890159368515015, 0.0]}, "width": 1024, "height": 1024, "fovx": 20.919818185858254, "fovy": 20.919818185858254, "img_id": "image_000013"}, {"intrinsics": [[1848.888888888889, 0, 512.0], [0, 1848.888888888889, 512.0], [0, 0, 1]], "extrinsics": {"c2w_matrix": [[-0.8386708498001099, 0.0, 0.5446386337280273, 2.7231926918029785], [0.0, 1.0, 0.0, 0.0], [-0.5446386337280273, 0.0, -0.8386708498001099, -4.193352222442627], [0.0, 0.0, 0.0, 1.0]], "translation": [7.152557373046875e-07, -0.0, -4.999998092651367], "rotation": [0.28401511907577515, 0.0, -0.9588198065757751, 0.0]}, "width": 1024, "height": 1024, "fovx": 20.919818185858254, "fovy": 20.919818185858254, "img_id": "image_000014"}, {"intrinsics": [[1848.888888888889, 0, 512.0], [0, 1848.888888888889, 512.0], [0, 0, 1]], "extrinsics": {"c2w_matrix": [[-0.6560593247413635, 0.0, 0.7547093033790588, 3.773545742034912], [0.0, 1.0, 0.0, 0.0], [-0.7547093033790588, 0.0, -0.6560593247413635, -3.2802951335906982], [0.0, 0.0, 0.0, 1.0]], "translation": [7.152557373046875e-07, -0.0, -4.999998092651367], "rotation": [0.41469305753707886, 0.0, -0.9099613428115845, 0.0]}, "width": 1024, "height": 1024, "fovx": 20.919818185858254, "fovy": 20.919818185858254, "img_id": "image_000015"}, {"intrinsics": [[1848.888888888889, 0, 512.0], [0, 1848.888888888889, 512.0], [0, 0, 1]], "extrinsics": {"c2w_matrix": [[-0.4226183295249939, 0.0, 0.9063077569007874, 4.531537055969238], [0.0, 1.0, 0.0, 0.0], [-0.9063077569007874, 0.0, -0.4226183295249939, -2.113091468811035], [0.0, 0.0, 0.0, 1.0]], "translation": [-5.960464477539062e-07, 0.0, -4.999998092651367], "rotation": [0.5372995734214783, -0.0, -0.843391478061676, 0.0]}, "width": 1024, "height": 1024, "fovx": 20.919818185858254, "fovy": 20.919818185858254, "img_id": "image_000016"}, {"intrinsics": [[1848.888888888889, 0, 512.0], [0, 1848.888888888889, 512.0], [0, 0, 1]], "extrinsics": {"c2w_matrix": [[-0.156434565782547, 0.0, 0.9876883029937744, 4.938439846038818], [0.0, 1.0, 0.0, 0.0], [-0.9876883029937744, 0.0, -0.156434565782547, -0.782172441482544], [0.0, 0.0, 0.0, 1.0]], "translation": [1.1920930376163597e-07, -0.0, -4.999998569488525], "rotation": [0.649448037147522, 0.0, -0.7604060173034668, 0.0]}, "width": 1024, "height": 1024, "fovx": 20.919818185858254, "fovy": 20.919818185858254, "img_id": "image_000017"}, {"intrinsics": [[1848.888888888889, 0, 512.0], [0, 1848.888888888889, 512.0], [0, 0, 1]], "extrinsics": {"c2w_matrix": [[0.12186932563781738, 0.0, 0.9925461411476135, 4.962729454040527], [0.0, 1.0, 0.0, 0.0], [-0.9925461411476135, 0.0, 0.12186932563781738, 0.6093465089797974], [0.0, 0.0, 0.0, 1.0]], "translation": [-0.0, 0.0, -4.999999046325684], "rotation": [0.7489557266235352, 0.0, -0.6626200675964355, 0.0]}, "width": 1024, "height": 1024, "fovx": 20.919818185858254, "fovy": 20.919818185858254, "img_id": "image_000018"}, {"intrinsics": [[1848.888888888889, 0, 512.0], [0, 1848.888888888889, 512.0], [0, 0, 1]], "extrinsics": {"c2w_matrix": [[0.3907310664653778, 0.0, 0.9205048680305481, 4.602522850036621], [0.0, 1.0, 0.0, 0.0], [-0.9205048680305481, 0.0, 0.3907310664653778, 1.953655481338501], [0.0, 0.0, 0.0, 1.0]], "translation": [7.152557373046875e-07, 0.0, -4.999998569488525], "rotation": [0.8338857889175415, 0.0, -0.5519370436668396, 0.0]}, "width": 1024, "height": 1024, "fovx": 20.919818185858254, "fovy": 20.919818185858254, "img_id": "image_000019"}, {"intrinsics": [[1848.888888888889, 0, 512.0], [0, 1848.888888888889, 512.0], [0, 0, 1]], "extrinsics": {"c2w_matrix": [[0.629320502281189, 0.0, 0.7771458625793457, 3.885728120803833], [0.0, 1.0, 0.0, 0.0], [-0.7771458625793457, 0.0, 0.629320502281189, 3.146601676940918], [0.0, 0.0, 0.0, 1.0]], "translation": [2.384185791015625e-07, 0.0, -4.999998569488525], "rotation": [0.9025853276252747, 0.0, -0.4305110275745392, 0.0]}, "width": 1024, "height": 1024, "fovx": 20.919818185858254, "fovy": 20.919818185858254, "img_id": "image_000020"}, {"intrinsics": [[1848.888888888889, 0, 512.0], [0, 1848.888888888889, 512.0], [0, 0, 1]], "extrinsics": {"c2w_matrix": [[0.8191521167755127, 0.0, 0.5735763311386108, 2.867880344390869], [0.0, 1.0, 0.0, 0.0], [-0.5735763311386108, 0.0, 0.8191521167755127, 4.095759868621826], [0.0, 0.0, 0.0, 1.0]], "translation": [7.152557373046875e-07, 0.0, -4.999998569488525], "rotation": [0.9537169933319092, 0.0, -0.3007057309150696, 0.0]}, "width": 1024, "height": 1024, "fovx": 20.919818185858254, "fovy": 20.919818185858254, "img_id": "image_000021"}, {"intrinsics": [[1848.888888888889, 0, 512.0], [0, 1848.888888888889, 512.0], [0, 0, 1]], "extrinsics": {"c2w_matrix": [[0.9455186724662781, 0.0, 0.3255678713321686, 1.6278387308120728], [0.0, 1.0, 0.0, 0.0], [-0.3255678713321686, 0.0, 0.9455186724662781, 4.727592468261719], [0.0, 0.0, 0.0, 1.0]], "translation": [3.5762786865234375e-07, 0.0, -4.999999046325684], "rotation": [0.9862856268882751, 0.0, -0.16504745185375214, 0.0]}, "width": 1024, "height": 1024, "fovx": 20.919818185858254, "fovy": 20.919818185858254, "img_id": "image_000022"}, {"intrinsics": [[1848.888888888889, 0, 512.0], [0, 1848.888888888889, 512.0], [0, 0, 1]], "extrinsics": {"c2w_matrix": [[0.9986295700073242, 0.0, 0.052335284650325775, 0.26167750358581543], [0.0, 1.0, 0.0, 0.0], [-0.052335284650325775, 0.0, 0.9986295700073242, 4.993146896362305], [0.0, 0.0, 0.0, 1.0]], "translation": [-1.1324882507324219e-06, 0.0, -4.999999046325684], "rotation": [0.9996573328971863, 0.0, -0.026176610961556435, 0.0]}, "width": 1024, "height": 1024, "fovx": 20.919818185858254, "fovy": 20.919818185858254, "img_id": "image_000023"}]